25 360p 1 187 72 262 146
50 360p 1 175 56 265 146
75 360p 1 187 63 262 138
100 360p 1 195 66 285 156
125 360p 1 195 56 285 146
150 360p 1 187 63 262 138
175 360p 1 175 56 265 146
200 360p 1 175 56 265 146
225 360p 1 196 72 270 146
250 360p 1 195 66 285 156
275 360p 1 185 66 275 156
300 360p 1 175 56 265 146
325 360p 1 175 56 265 146
350 360p 1 185 56 275 146
375 360p 1 195 66 285 156
400 360p 1 185 66 275 156
425 360p 1 187 72 262 146
450 360p 1 175 56 265 146
475 360p 1 187 63 262 138
500 360p 1 195 66 285 156
525 360p 1 185 56 275 146
550 360p 1 187 72 262 146
575 360p 1 175 56 265 146
600 360p 1 187 63 262 138
625 360p 1 195 66 285 156
650 360p 1 195 56 285 146
675 360p 1 187 63 262 138
700 360p 1 175 56 265 146
725 360p 1 175 56 265 146
750 360p 1 196 72 270 146
775 360p 1 195 66 285 156
800 360p 1 185 66 275 156
825 360p 1 175 56 265 146
850 360p 1 175 56 265 146
875 360p 1 185 56 275 146
900 360p 1 195 66 285 156
925 360p 1 185 66 275 156
950 360p 1 187 72 262 146
975 360p 1 175 56 265 146
1000 360p 1 187 63 262 138
1025 360p 1 195 66 285 156
1050 360p 1 185 56 275 146
1075 360p 1 187 72 262 146
1100 360p 1 175 56 265 146
1125 360p 1 187 63 262 138
1150 360p 1 195 66 285 156
1175 360p 1 195 56 285 146
1200 360p 1 187 63 262 138
1225 360p 1 175 56 265 146
1250 360p 1 175 56 265 146
1275 360p 1 196 72 270 146
1300 360p 1 195 66 285 156
1325 360p 1 185 66 275 156
1350 360p 1 175 56 265 146
1375 360p 1 175 56 265 146
1400 360p 1 185 56 275 146
1425 360p 1 195 66 285 156
1450 360p 1 185 66 275 156
1475 360p 1 187 72 262 146
1500 360p 1 175 56 265 146
1525 360p 1 187 63 262 138
1550 360p 1 195 66 285 156
1575 360p 1 185 56 275 146
1600 360p 1 187 72 262 146
1625 360p 1 175 56 265 146
1650 360p 1 187 63 262 138
1675 360p 1 195 66 285 156
1700 360p 1 195 56 285 146
1725 360p 1 187 63 262 138
1750 360p 1 175 56 265 146
1775 360p 1 175 56 265 146
1800 360p 1 196 72 270 146
1825 360p 1 195 66 285 156
1850 360p 1 185 66 275 156
1875 360p 1 175 56 265 146
1900 360p 1 175 56 265 146
1925 360p 1 185 56 275 146
1950 360p 1 195 66 285 156
1975 360p 1 185 66 275 156
2000 360p 1 187 72 262 146
2025 360p 1 175 56 265 146
2050 360p 1 187 63 262 138
2075 360p 1 195 66 285 156
2100 360p 1 185 56 275 146
2125 360p 1 187 72 262 146
2150 360p 1 175 56 265 146
2175 360p 1 187 63 262 138
2200 360p 1 195 66 285 156
2225 360p 1 195 56 285 146
2250 360p 1 187 63 262 138
2275 1080p 1 705 134 1026 455
2300 1080p 1 740 170 1061 491
2325 1080p 1 776 134 1097 455
2350 1080p 1 825 201 1092 468
2375 1080p 1 740 170 1061 491
2400 1080p 1 740 170 1061 491
2425 1080p 1 740 170 1061 491
2450 1080p 1 795 201 1062 468
2475 1080p 1 825 201 1092 468
2500 1080p 1 740 170 1061 491
2525 1080p 1 740 170 1061 491
2550 1080p 1 705 170 1026 491
2575 1080p 1 740 170 1061 491
2600 1080p 1 825 201 1092 468
2625 1080p 1 740 170 1061 491
2650 1080p 1 740 170 1061 491
2675 1080p 1 705 170 1026 491
2700 1080p 1 740 170 1061 491
2725 1080p 1 776 134 1097 455
2750 1080p 1 825 171 1092 439
2775 1080p 1 740 170 1061 491
2800 1080p 1 705 134 1026 455
2825 1080p 1 740 170 1061 491
2850 1080p 1 776 134 1097 455
2875 1080p 1 825 201 1092 468
2900 1080p 1 740 170 1061 491
2925 1080p 1 740 170 1061 491
2950 1080p 1 740 170 1061 491
2975 1080p 1 795 201 1062 468
3000 1080p 1 825 201 1092 468
3025 1080p 1 740 170 1061 491
3050 1080p 1 740 170 1061 491
3075 1080p 1 705 170 1026 491
3100 1080p 1 740 170 1061 491
3125 1080p 1 825 201 1092 468
3150 1080p 1 740 170 1061 491
3175 1080p 1 740 170 1061 491
3200 1080p 1 705 170 1026 491
3225 1080p 1 740 170 1061 491
3250 1080p 1 776 134 1097 455
3275 1080p 1 825 171 1092 439
3300 1080p 1 740 170 1061 491
3325 1080p 1 705 134 1026 455
3350 1080p 1 740 170 1061 491
3375 1080p 1 776 134 1097 455
3400 1080p 1 825 201 1092 468
3425 1080p 1 740 170 1061 491
3450 1080p 1 740 170 1061 491
3475 1080p 1 740 170 1061 491
3500 1080p 1 795 201 1062 468
3525 1080p 1 825 201 1092 468
3550 1080p 1 740 170 1061 491
3575 1080p 1 740 170 1061 491
3600 1080p 1 705 170 1026 491
3625 1080p 1 740 170 1061 491
3650 1080p 1 825 201 1092 468
3675 1080p 1 740 170 1061 491
3700 1080p 1 740 170 1061 491
3725 1080p 1 705 170 1026 491
3750 1080p 1 740 170 1061 491
3775 1080p 1 776 134 1097 455
3800 1080p 1 825 171 1092 439
3825 1080p 1 740 170 1061 491
3850 1080p 1 705 134 1026 455
3875 1080p 1 740 170 1061 491
3900 1080p 1 776 134 1097 455
3925 1080p 1 825 201 1092 468
3950 1080p 1 740 170 1061 491
3975 1080p 1 740 170 1061 491
4000 1080p 1 740 170 1061 491
4025 1080p 1 795 201 1062 468
4050 1080p 1 825 201 1092 468
4075 1080p 1 740 170 1061 491
4100 1080p 1 740 170 1061 491
4125 1080p 1 705 170 1026 491
4150 1080p 1 740 170 1061 491
4175 1080p 1 825 201 1092 468
4200 1080p 1 740 170 1061 491
4225 1080p 1 740 170 1061 491
4250 1080p 1 705 170 1026 491
4275 1080p 1 740 170 1061 491
4300 1080p 1 776 134 1097 455
4325 1080p 1 825 171 1092 439
4350 1080p 1 740 170 1061 491
4375 1080p 1 705 134 1026 455
4400 1080p 1 740 170 1061 491
4425 1080p 1 776 134 1097 455
4450 1080p 1 825 201 1092 468
4475 1080p 1 740 170 1061 491
4500 1080p 1 740 170 1061 491
4525 1080p 1 740 170 1061 491
4550 1080p 1 795 201 1062 468
4575 1080p 1 825 201 1092 468
4600 1080p 1 740 170 1061 491
4625 1080p 1 740 170 1061 491
4650 1080p 1 705 170 1026 491
4675 1080p 1 740 170 1061 491
4700 1080p 1 825 201 1092 468
4725 1080p 1 740 170 1061 491
4750 1080p 1 740 170 1061 491
4775 1080p 1 705 170 1026 491
4800 1080p 1 740 170 1061 491
4825 1080p 1 776 134 1097 455
4850 1080p 1 825 171 1092 439
4875 1080p 1 740 170 1061 491
4900 1080p 1 705 134 1026 455
4925 1080p 1 740 170 1061 491
4950 1080p 1 776 134 1097 455
4975 1080p 1 825 201 1092 468
5000 1080p 1 740 170 1061 491
