5.0 720p 1 510 118 696 304
10.0 720p 1 489 93 712 316
15.0 720p 1 513 93 736 316
20.0 720p 1 551 118 737 304
25.0 720p 1 510 118 696 304
30.0 720p 1 464 93 687 316
35.0 360p 1 185 56 275 146
40.0 360p 1 195 66 285 156
45.0 360p 1 187 63 262 138
50.0 360p 1 175 56 265 146
55.0 360p 1 187 63 262 138
60.0 360p 1 195 66 285 156
65.0 360p 1 185 66 275 156
70.0 360p 1 175 56 265 146
75.0 360p 1 187 63 262 138
80.0 360p 1 195 66 285 156
85.0 360p 1 185 66 275 156
90.0 360p 1 175 56 265 146
95.0 360p 1 175 56 265 146
100.0 480p 1 253 82 382 211
105.0 480p 1 247 80 354 187
110.0 480p 1 247 92 354 199
115.0 480p 1 225 67 354 196
120.0 480p 1 259 92 366 199
125.0 480p 1 253 82 382 211
130.0 480p 1 247 92 354 199
135.0 480p 1 225 67 354 196
140.0 480p 1 259 80 366 187
145.0 480p 1 253 82 382 211
150.0 480p 1 247 80 354 187
155.0 480p 1 225 67 354 196
160.0 480p 1 247 92 354 199
165.0 480p 1 253 82 382 211
170.0 480p 1 247 92 354 199
175.0 480p 1 225 67 354 196
180.0 480p 1 247 80 354 187
185.0 480p 1 253 82 382 211
190.0 480p 1 247 92 354 199
195.0 480p 1 225 67 354 196
200.0 480p 1 225 67 354 196
205.0 480p 1 253 82 382 211
210.0 480p 1 247 80 354 187
215.0 480p 1 247 92 354 199
220.0 480p 1 225 67 354 196
225.0 480p 1 259 92 366 199
230.0 480p 1 253 82 382 211
235.0 480p 1 247 92 354 199
240.0 480p 1 225 67 354 196
245.0 480p 1 259 80 366 187
250.0 480p 1 253 82 382 211
255.0 480p 1 247 80 354 187
260.0 480p 1 225 67 354 196
265.0 480p 1 247 92 354 199
270.0 480p 1 253 82 382 211
275.0 480p 1 247 92 354 199
280.0 480p 1 225 67 354 196
285.0 480p 1 247 80 354 187
290.0 480p 1 253 82 382 211
295.0 480p 1 247 92 354 199
300.0 480p 1 225 67 354 196
305.0 480p 1 225 67 354 196
310.0 480p 1 253 82 382 211
315.0 480p 1 247 80 354 187
320.0 480p 1 247 92 354 199
325.0 480p 1 225 67 354 196
330.0 480p 1 259 92 366 199
335.0 480p 1 253 82 382 211
340.0 480p 1 247 92 354 199
345.0 480p 1 225 67 354 196
350.0 480p 1 259 80 366 187
355.0 480p 1 253 82 382 211
360.0 480p 1 247 80 354 187
365.0 480p 1 225 67 354 196
370.0 480p 1 247 92 354 199
375.0 480p 1 253 82 382 211
380.0 480p 1 247 92 354 199
385.0 480p 1 225 67 354 196
390.0 480p 1 247 80 354 187
395.0 480p 1 253 82 382 211
400.0 480p 1 247 92 354 199
405.0 480p 1 225 67 354 196
410.0 480p 1 225 67 354 196
415.0 480p 1 253 82 382 211
420.0 480p 1 247 80 354 187
425.0 480p 1 247 92 354 199
430.0 480p 1 225 67 354 196
435.0 480p 1 259 92 366 199
440.0 480p 1 253 82 382 211
445.0 480p 1 247 92 354 199
450.0 480p 1 225 67 354 196
455.0 480p 1 259 80 366 187
460.0 480p 1 253 82 382 211
465.0 480p 1 247 80 354 187
470.0 480p 1 225 67 354 196
475.0 480p 1 247 92 354 199
480.0 480p 1 253 82 382 211
485.0 480p 1 247 92 354 199
490.0 480p 1 225 67 354 196
495.0 480p 1 247 80 354 187
500.0 480p 1 253 82 382 211
505.0 480p 1 247 92 354 199
510.0 480p 1 225 67 354 196
515.0 480p 1 225 67 354 196
520.0 480p 1 253 82 382 211
525.0 480p 1 247 80 354 187
530.0 480p 1 247 92 354 199
535.0 480p 1 225 67 354 196
540.0 480p 1 259 92 366 199
545.0 480p 1 253 82 382 211
550.0 480p 1 247 92 354 199
555.0 480p 1 225 67 354 196
560.0 480p 1 259 80 366 187
565.0 480p 1 253 82 382 211
570.0 480p 1 247 80 354 187
575.0 480p 1 225 67 354 196
580.0 480p 1 247 92 354 199
585.0 480p 1 253 82 382 211
590.0 480p 1 247 92 354 199
595.0 480p 1 225 67 354 196
600.0 480p 1 247 80 354 187
605.0 480p 1 253 82 382 211
610.0 480p 1 247 92 354 199
615.0 480p 1 225 67 354 196
620.0 480p 1 225 67 354 196
625.0 480p 1 253 82 382 211
630.0 480p 1 247 80 354 187
635.0 480p 1 247 92 354 199
640.0 480p 1 225 67 354 196
645.0 480p 1 259 92 366 199
