5 480p 1 247 92 354 199
10 480p 1 225 67 354 196
15 480p 1 259 92 366 199
20 480p 1 253 82 382 211
25 480p 1 247 92 354 199
30 480p 1 225 67 354 196
35 480p 1 259 80 366 187
40 480p 1 253 82 382 211
45 480p 1 247 80 354 187
50 480p 1 225 67 354 196
55 480p 1 247 92 354 199
60 480p 1 253 82 382 211
65 480p 1 247 92 354 199
70 480p 1 225 67 354 196
75 480p 1 247 80 354 187
80 480p 1 253 82 382 211
85 480p 1 247 92 354 199
90 480p 1 225 67 354 196
95 480p 1 225 67 354 196
100 480p 1 253 82 382 211
105 480p 1 247 80 354 187
110 480p 1 247 92 354 199
115 480p 1 225 67 354 196
120 480p 1 259 92 366 199
125 480p 1 253 82 382 211
130 480p 1 247 92 354 199
135 480p 1 225 67 354 196
140 480p 1 259 80 366 187
145 480p 1 253 82 382 211
150 480p 1 247 80 354 187
155 480p 1 225 67 354 196
160 480p 1 247 92 354 199
165 480p 1 253 82 382 211
170 480p 1 247 92 354 199
175 480p 1 225 67 354 196
180 480p 1 247 80 354 187
185 480p 1 253 82 382 211
190 480p 1 247 92 354 199
195 480p 1 225 67 354 196
200 480p 1 225 67 354 196
205 480p 1 253 82 382 211
210 480p 1 247 80 354 187
215 480p 1 247 92 354 199
220 480p 1 225 67 354 196
225 480p 1 259 92 366 199
230 480p 1 253 82 382 211
235 480p 1 247 92 354 199
240 480p 1 225 67 354 196
245 480p 1 259 80 366 187
250 480p 1 253 82 382 211
255 480p 1 247 80 354 187
260 480p 1 225 67 354 196
265 480p 1 247 92 354 199
270 480p 1 253 82 382 211
275 480p 1 247 92 354 199
280 480p 1 225 67 354 196
285 480p 1 247 80 354 187
290 480p 1 253 82 382 211
295 480p 1 247 92 354 199
300 480p 1 225 67 354 196
305 480p 1 225 67 354 196
310 480p 1 253 82 382 211
315 480p 1 247 80 354 187
320 480p 1 247 92 354 199
325 480p 1 225 67 354 196
330 480p 1 259 92 366 199
335 480p 1 253 82 382 211
340 480p 1 247 92 354 199
345 480p 1 225 67 354 196
350 480p 1 259 80 366 187
355 480p 1 253 82 382 211
360 480p 1 247 80 354 187
365 480p 1 225 67 354 196
370 480p 1 247 92 354 199
375 480p 1 253 82 382 211
380 480p 1 247 92 354 199
385 480p 1 225 67 354 196
390 480p 1 247 80 354 187
395 480p 1 253 82 382 211
400 480p 1 247 92 354 199
405 480p 1 225 67 354 196
410 480p 1 225 67 354 196
415 480p 1 253 82 382 211
420 480p 1 247 80 354 187
425 480p 1 247 92 354 199
430 480p 1 225 67 354 196
435 480p 1 259 92 366 199
440 480p 1 253 82 382 211
445 480p 1 247 92 354 199
450 480p 1 225 67 354 196
455 480p 1 259 80 366 187
460 480p 1 253 82 382 211
465 480p 1 247 80 354 187
470 480p 1 225 67 354 196
475 480p 1 247 92 354 199
480 480p 1 253 82 382 211
485 480p 1 247 92 354 199
490 480p 1 225 67 354 196
495 480p 1 247 80 354 187
500 480p 1 253 82 382 211
505 480p 1 247 92 354 199
510 480p 1 225 67 354 196
515 480p 1 225 67 354 196
520 480p 1 253 82 382 211
525 480p 1 247 80 354 187
530 480p 1 247 92 354 199
535 480p 1 225 67 354 196
540 480p 1 259 92 366 199
545 480p 1 253 82 382 211
550 480p 1 247 92 354 199
555 360p 1 175 56 265 146
560 360p 1 185 56 275 146
565 360p 1 195 66 285 156
570 360p 1 187 63 262 138
575 360p 1 175 56 265 146
580 360p 1 187 63 262 138
585 360p 1 195 66 285 156
590 360p 1 185 66 275 156
595 360p 1 175 56 265 146
600 360p 1 187 63 262 138
605 360p 1 195 66 285 156
610 360p 1 185 66 275 156
615 360p 1 175 56 265 146
620 360p 1 175 56 265 146
625 360p 1 195 66 285 156
630 360p 1 185 56 275 146
635 360p 1 187 72 262 146
640 360p 1 175 56 265 146
645 360p 1 196 72 270 146
650 360p 1 195 56 285 146
655 360p 1 187 72 262 146
660 360p 1 175 56 265 146
665 360p 1 185 56 275 146
670 360p 1 195 66 285 156
675 360p 1 187 63 262 138
680 360p 1 175 56 265 146
685 360p 1 187 63 262 138
690 360p 1 195 66 285 156
695 360p 1 185 66 275 156
700 360p 1 175 56 265 146
705 360p 1 187 63 262 138
710 360p 1 195 66 285 156
715 360p 1 185 66 275 156
720 360p 1 175 56 265 146
725 360p 1 175 56 265 146
730 360p 1 195 66 285 156
735 360p 1 185 56 275 146
740 360p 1 187 72 262 146
745 360p 1 175 56 265 146
750 360p 1 196 72 270 146
755 360p 1 195 56 285 146
760 360p 1 187 72 262 146
765 360p 1 175 56 265 146
770 360p 1 185 56 275 146
775 360p 1 195 66 285 156
780 360p 1 187 63 262 138
785 360p 1 175 56 265 146
790 360p 1 187 63 262 138
795 360p 1 195 66 285 156
800 360p 1 185 66 275 156
805 360p 1 175 56 265 146
810 360p 1 187 63 262 138
815 480p 1 253 82 382 211
820 480p 1 247 92 354 199
825 480p 1 225 67 354 196
830 480p 1 225 67 354 196
835 480p 1 253 82 382 211
840 480p 1 247 80 354 187
845 480p 1 247 92 354 199
850 480p 1 225 67 354 196
855 480p 1 259 92 366 199
860 480p 1 253 82 382 211
865 480p 1 247 92 354 199
870 480p 1 225 67 354 196
875 480p 1 259 80 366 187
880 480p 1 253 82 382 211
885 480p 1 247 80 354 187
890 480p 1 225 67 354 196
895 480p 1 247 92 354 199
900 480p 1 253 82 382 211
905 480p 1 247 92 354 199
910 480p 1 225 67 354 196
915 480p 1 247 80 354 187
920 480p 1 253 82 382 211
925 480p 1 247 92 354 199
930 480p 1 225 67 354 196
935 480p 1 225 67 354 196
940 480p 1 253 82 382 211
945 480p 1 247 80 354 187
950 480p 1 247 92 354 199
955 480p 1 225 67 354 196
960 480p 1 259 92 366 199
965 480p 1 253 82 382 211
970 480p 1 247 92 354 199
975 480p 1 225 67 354 196
980 480p 1 259 80 366 187
985 480p 1 253 82 382 211
990 480p 1 247 80 354 187
995 480p 1 225 67 354 196
1000 480p 1 247 92 354 199
